0.228738
0.233457
0.224974
0.230915
0.222170
0.248905
0.254291
0.235487
0.253868
0.220872
0.224387
0.222028
0.222370
0.221802
0.222434
0.227114
0.224011
0.223810
0.231494
0.227627
0.236764
0.229241
0.230268
0.228720
0.234123
0.248195
0.220028
0.222520
0.226809
0.225862
0.271321
0.227512
0.223705
0.226688
0.225149
0.222503
0.223265
0.224560
0.231121
0.225951
0.229593
0.228331
0.267324
0.221949
0.221391
0.221445
0.223262
0.225907
0.223456
0.221950
0.222312
0.221664
0.221595
0.224108
0.222077
0.222006
0.219752
0.222368
0.219726
0.223897
0.221495
0.221610
0.220078
0.222041
0.220902
0.221308
0.220910
0.222524
0.229904
0.221371
0.225572
0.232286
0.230987
0.220373
0.221332
0.231446
0.226485
0.221282
0.222655
0.222693
0.221006
0.224910
0.221217
0.222397
0.220097
0.220770
0.232746
0.238555
0.220024
0.220726
0.224009
0.222584
0.221839
0.222955
0.221200
0.222180
0.222315
0.221896
0.221685
0.220443
