0.230655
0.231723
0.225907
0.223848
0.220882
0.220555
0.219470
0.218027
0.219150
0.219378
0.220241
0.221929
0.218993
0.225120
0.225700
0.221432
0.218664
0.219538
0.221607
0.225438
0.216851
0.219920
0.217567
0.220218
0.219762
0.218488
0.221284
0.219942
0.227486
0.219544
0.220454
0.223903
0.219788
0.217891
0.217860
0.222077
0.218434
0.219846
0.221325
0.223171
0.219265
0.219006
0.237332
0.218931
0.219019
0.219774
0.219681
0.227658
0.232809
0.224124
0.225751
0.222012
0.223951
0.224065
0.223435
0.224734
0.222961
0.223140
0.220587
0.222543
0.223743
0.224701
0.221314
0.221453
0.220332
0.220189
0.219971
0.226063
0.220923
0.223788
0.219582
0.231225
0.222065
0.226041
0.221654
0.226313
0.223291
0.223634
0.222046
0.237421
0.224586
0.224880
0.235127
0.228023
0.228513
0.229453
0.230001
0.225461
0.226240
0.233821
0.223587
0.227389
0.227310
0.225728
0.226225
0.227100
0.226390
0.225212
0.229863
0.224992
