0.235107
0.233000
0.230509
0.238318
0.233322
0.237368
0.231887
0.239762
0.239687
0.244622
0.239078
0.231736
0.236969
0.230773
0.236939
0.295834
0.233338
0.236204
0.240476
0.237216
0.234335
0.231256
0.232405
0.231821
0.229824
0.233447
0.231504
0.233172
0.231625
0.232878
0.230723
0.238162
0.233617
0.233987
0.233319
0.244756
0.231340
0.234545
0.231858
0.231958
0.236196
0.231044
0.231229
0.228989
0.228090
0.229052
0.230092
0.232306
0.229644
0.236350
0.231729
0.243331
0.239868
0.253967
0.239872
0.237230
0.240892
0.236799
0.235318
0.232702
0.235461
0.238680
0.235221
0.233334
0.231369
0.238149
0.235014
0.241566
0.235341
0.237024
0.232134
0.234294
0.234043
0.233746
0.234186
0.233480
0.232581
0.238032
0.235519
0.238091
0.232060
0.235546
0.234672
0.236070
0.233225
0.233356
0.237333
0.234751
0.236056
0.235762
0.234922
0.234534
0.233302
0.244931
0.241635
0.243078
0.243991
0.237328
0.235364
0.235422
