0.228090
0.229685
0.221972
0.225283
0.220920
0.222487
0.220664
0.221869
0.224547
0.228518
0.219037
0.218805
0.223103
0.223674
0.219737
0.220994
0.222607
0.222206
0.224344
0.225375
0.220510
0.222578
0.218573
0.224882
0.218541
0.219519
0.217930
0.217573
0.220118
0.228344
0.228092
0.226685
0.221020
0.221497
0.224566
0.218030
0.217918
0.217269
0.220290
0.216599
0.217032
0.216189
0.218201
0.220729
0.221171
0.218573
0.225089
0.218469
0.221207
0.222877
0.224504
0.217807
0.216253
0.231527
0.219397
0.219446
0.217483
0.218294
0.217423
0.225032
0.218452
0.221435
0.216725
0.217783
0.217425
0.217598
0.216334
0.217022
0.215953
0.217607
0.218840
0.216674
0.218896
0.219496
0.218459
0.217363
0.225410
0.219204
0.223836
0.226988
0.218455
0.228192
0.220557
0.219658
0.216940
0.217833
0.217905
0.220025
0.218854
0.217020
0.217630
0.218483
0.218396
0.216664
0.216432
0.221293
0.224655
0.218353
0.216924
0.218264
