0.226884
0.225957
0.225586
0.224234
0.229032
0.224225
0.230213
0.227103
0.228254
0.224910
0.232253
0.224405
0.228786
0.222981
0.229184
0.224067
0.225463
0.219157
0.224895
0.223685
0.224179
0.218958
0.218609
0.217926
0.218517
0.217029
0.220135
0.218158
0.219253
0.218284
0.219004
0.221029
0.222415
0.217476
0.218490
0.218896
0.224735
0.219681
0.234044
0.220112
0.221523
0.223107
0.221614
0.226105
0.218994
0.221289
0.218512
0.219215
0.220679
0.219200
0.220349
0.218729
0.222169
0.222215
0.220604
0.219261
0.219285
0.218807
0.226075
0.218880
0.257599
0.222125
0.220333
0.221379
0.224841
0.218275
0.218121
0.220192
0.219865
0.219339
0.224050
0.218774
0.219952
0.221216
0.217834
0.218481
0.218257
0.217913
0.220418
0.220068
0.219870
0.218464
0.221058
0.222307
0.219859
0.222010
0.222973
0.219119
0.219080
0.219995
0.220813
0.219073
0.219194
0.223731
0.221073
0.220202
0.219975
0.221020
0.222863
0.220294
