0.231045
0.240235
0.234700
0.237800
0.237374
0.242954
0.233654
0.233141
0.230524
0.233484
0.229581
0.254574
0.228184
0.231593
0.262267
0.229217
0.232298
0.240799
0.228146
0.230750
0.231339
0.227965
0.238611
0.237760
0.240242
0.237430
0.237981
0.241077
0.249883
0.238751
0.233947
0.232607
0.239579
0.241788
0.239648
0.253315
0.240545
0.233710
0.241081
0.233012
0.242927
0.240083
0.237716
0.234381
0.237218
0.242248
0.239135
0.234503
0.240625
0.243632
0.239852
0.235797
0.237861
0.242001
0.239961
0.240827
0.236704
0.231909
0.234562
0.228519
0.237351
0.229291
0.234526
0.228918
0.230720
0.232221
0.232382
0.229285
0.228185
0.237248
0.233315
0.230616
0.227668
0.229314
0.229381
0.229766
0.225294
0.232668
0.228092
0.229440
0.229666
0.227244
0.231880
0.229289
0.232262
0.232239
0.229388
0.240173
0.229704
0.226648
0.230116
0.228613
0.229442
0.224818
0.230537
0.237291
0.230502
0.231419
0.228318
0.228467
